{
 "cells": [
  {
   "cell_type": "markdown",
   "id": "09ea40e4-959e-4480-8e06-13b3e69c3f47",
   "metadata": {},
   "source": [
    "# Алгоритм решения"
   ]
  },
  {
   "cell_type": "markdown",
   "id": "42423417-86da-4e4e-8749-72b715b54acd",
   "metadata": {
    "tags": []
   },
   "source": [
    "## Постановка задачи\n",
    "Пусть дана система $$Ax = b.$$\n",
    "   \n",
    "Матрица $A$ имеет размерность $n\\times n$.\n",
    "\n",
    "$\\bullet$ *Число $\\lambda$ называется **собственным значением** матрицы $A$, если $$\\exists x \\ne 0 : Ax = \\lambda x.\\quad (1)$$\n",
    "Вектор $x$ называется **собственным вектором** матрицы $A$, соответствующим данному собственному значению матрицы $A$.*\n",
    "\n",
    "Для существования задачи (1) необходимо, чтобы $$|A - \\lambda E| = 0\\quad (2)$$\n",
    "$\\bullet$ *Левая часть равенства $(2)$ называется **характеристическим многочленом**. А само уравнение - характеристическим уравнением.*\n",
    "Очевидно, что $|A-\\lambda E|$ есть алгебраический многочлен степени $n$ от $\\lambda$ со старшим коэффициентом $(-1)^n$\n",
    "$$|A-\\lambda E| = (-1)^n (\\lambda^n - p_1\\lambda ^{n+1} - \\ldots - p_{n-1}\\lambda - p_n) = (-1)^n P_n(\\lambda)\\quad(3)$$\n",
    "$\\bullet$ *Многочлен $P_n(\\lambda)$ в формуле (3) называется **собственным многочленом** матрицы $A$.*\n",
    "\n",
    "$\\bullet$ *Совокупность всех корней характеристического многочлена матрицы называется **спектром матрицы**.*\n",
    "Таким образом, задачу нахождения собственных значений и собственных векторов можно разбить на 3 этапа:\n",
    "1. построение собственного многочлена $P_n(\\lambda)$ матрицы;\n",
    "2. решение уравнения $P_n(\\lambda) = 0$ и нахождение его корней $\\lambda_i(A)$; \n",
    "3. отыскание нетривиальных решений систем вида $$Ax_i = \\lambda_ix_i,\\ i=\\overline{1,n}.$$\n",
    "\n",
    "Если необходимо знать все собственные значения и соответствующие векторы, то такая задача называется **полной ПСЗ**. Если необходимо знать одно или несколько собственных значений и соответствующих векторов, то такая задача называется **частиной ПСЗ**. На основе этого различают и методы решений задачи ПСЗ. Для решения полной ПСЗ используются прямые методы, а для частичной - прямые и итерационные методы."
   ]
  },
  {
   "cell_type": "markdown",
   "id": "6516a015-e039-4667-9b3b-332be54c82d5",
   "metadata": {
    "tags": []
   },
   "source": [
    "## Метод Крылова\n",
    "### Вычисление собственных значений\n"
   ]
  },
  {
   "cell_type": "markdown",
   "id": "5e125a64-5cfc-4e39-bfa1-302f49a59d7f",
   "metadata": {},
   "source": [
    "### Вычисление собственных векторов\n"
   ]
  },
  {
   "cell_type": "markdown",
   "id": "1e71a814-6caf-4b4d-8431-5cb422bcd59e",
   "metadata": {
    "tags": []
   },
   "source": [
    "# Листинг программы"
   ]
  },
  {
   "cell_type": "code",
   "execution_count": 130,
   "id": "fe7574b8-44dd-4d41-bef4-024ee63d6e5f",
   "metadata": {},
   "outputs": [],
   "source": [
    "import numpy as np\n",
    "import math\n",
    "from sympy.solvers import solve\n",
    "from sympy import Symbol"
   ]
  },
  {
   "cell_type": "markdown",
   "id": "d3ad5594-1fe3-47f3-834b-13dcee72a256",
   "metadata": {},
   "source": [
    "## Функция алгоритма"
   ]
  },
  {
   "cell_type": "code",
   "execution_count": 131,
   "id": "19a7107e-4d14-4336-be7f-eb06159b5aec",
   "metadata": {},
   "outputs": [],
   "source": [
    "def krylova_method(A):\n",
    "    c = []\n",
    "    n = A.shape[0]\n",
    "    c.append(np.zeros(n))\n",
    "    c[0][0] = 1\n",
    "    \n",
    "    for i in range(n):\n",
    "        c.append(np.dot(A, c[i]))\n",
    "    \n",
    "    c_n = c[n]\n",
    "    C = np.array(c[:n])\n",
    "    p = list(reversed(np.linalg.solve(C.T, c_n)))\n",
    "    \n",
    "    x = Symbol('x')\n",
    "    P_n = x**n\n",
    "    for i in range(n):\n",
    "        P_n -= x**(n-i-1) * p[i] \n",
    "    eigenvalues = solve(P_n, x)\n",
    "    \n",
    "    eigenvectors = []\n",
    "    for k in range(n):\n",
    "        b = [1 for _ in range(n)]\n",
    "        for i in range(1, n):\n",
    "            b[i] = b[i-1] * eigenvalues[k] - p[i-1]\n",
    "        x = np.sum([b[i] * C[n - i - 1] for i in range(n)], axis=0)\n",
    "        eigenvectors.append(x)\n",
    "    \n",
    "    return eigenvalues, eigenvectors"
   ]
  },
  {
   "cell_type": "code",
   "execution_count": 137,
   "id": "48135213-5e4e-4ea5-a75e-0eeb970e4bb6",
   "metadata": {},
   "outputs": [],
   "source": [
    "def power_method(A, epsilon):\n",
    "    y = np.ones(A.shape[0])\n",
    "    k = 0\n",
    "    eigenvalue = 0\n",
    "    while True:\n",
    "        k+=1\n",
    "        y = np.dot(A, y) / np.linalg.norm(np.dot(A, y), ord=math.inf)\n",
    "        eigenvalue_k = np.dot(y.T, np.dot(A, y)) / np.dot(y.T, y)\n",
    "        if np.absolute(eigenvalue_k - eigenvalue) < epsilon:\n",
    "            break\n",
    "        eigenvalue = eigenvalue_k\n",
    "\n",
    "    eigenvector = y\n",
    "    return eigenvalue.item(), eigenvector, k"
   ]
  },
  {
   "cell_type": "markdown",
   "id": "df70b038-aeb1-4b16-bc80-013eaeea421b",
   "metadata": {},
   "source": [
    "## Проверка результатов"
   ]
  },
  {
   "cell_type": "markdown",
   "id": "8429e1f1-14d3-4b63-8ee2-b49b1bc0c41f",
   "metadata": {},
   "source": [
    "1. При заданном $n\\geq 10$ сгенерировать случайным образом квадратную матрицу размера $n\\times n$. "
   ]
  },
  {
   "cell_type": "code",
   "execution_count": 143,
   "id": "8f310cb6-5c15-497c-be1b-b7f35b2d129a",
   "metadata": {},
   "outputs": [
    {
     "name": "stdin",
     "output_type": "stream",
     "text": [
      " 15\n"
     ]
    },
    {
     "name": "stdout",
     "output_type": "stream",
     "text": [
      "[ 4.656333  1.169383 -1.593848 -2.564135  0.014927  1.814341  1.875978\n",
      "  1.089065  0.244491 -0.023693 -0.198955 -0.293589 -3.124248  0.146552\n",
      "  1.477836]\n",
      "[ 1.169383  6.980598 -1.296704  0.448925 -1.149657  1.94844  -2.165222\n",
      "  3.531979  0.50878  -0.524314 -0.087639  0.347284 -1.292511 -1.433055\n",
      "  0.236958]\n",
      "[-1.593848 -1.296704  4.701159  0.550146  0.191338  0.465041 -0.103222\n",
      " -0.216713 -0.590914 -1.001742  0.027746  0.508664  0.708371  0.306858\n",
      " -1.336856]\n",
      "[-2.564135  0.448925  0.550146  4.528903  1.22777  -0.209327 -1.526916\n",
      "  0.42261  -0.501798  2.288113 -0.588411  0.966624  1.4098   -1.371916\n",
      " -2.403675]\n",
      "[ 0.014927 -1.149657  0.191338  1.22777   3.389795  0.11206  -1.426634\n",
      "  0.215181 -0.009006  0.126033 -1.067633  0.234213 -0.483012  0.144745\n",
      " -2.671375]\n",
      "[ 1.814341  1.94844   0.465041 -0.209327  0.11206   5.736702  0.390224\n",
      "  3.182562  0.209519  0.854549  0.352922  2.89436  -3.519025 -1.877705\n",
      " -0.792723]\n",
      "[ 1.875978 -2.165222 -0.103222 -1.526916 -1.426634  0.390224  5.011871\n",
      " -1.87262   0.343061  0.997007  1.416455 -0.033754 -2.480383  0.578645\n",
      "  2.875218]\n",
      "[ 1.089065  3.531979 -0.216713  0.42261   0.215181  3.182562 -1.87262\n",
      "  5.996064  1.256273  0.186624 -3.150275  2.549102 -1.585609 -2.15682\n",
      "  0.200988]\n",
      "[ 0.244491  0.50878  -0.590914 -0.501798 -0.009006  0.209519  0.343061\n",
      "  1.256273  4.027792 -2.271007  1.153535  1.702025 -0.656904 -0.423873\n",
      "  1.076772]\n",
      "[-0.023693 -0.524314 -1.001742  2.288113  0.126033  0.854549  0.997007\n",
      "  0.186624 -2.271007  6.05763  -1.547747  0.829007 -0.3434   -2.960195\n",
      "  0.117843]\n",
      "[-0.198955 -0.087639  0.027746 -0.588411 -1.067633  0.352922  1.416455\n",
      " -3.150275  1.153535 -1.547747  5.898483 -0.507456  0.415064 -0.262884\n",
      " -0.057943]\n",
      "[-0.293589  0.347284  0.508664  0.966624  0.234213  2.89436  -0.033754\n",
      "  2.549102  1.702025  0.829007 -0.507456  4.267969 -1.221997 -2.557241\n",
      " -0.382377]\n",
      "[-3.124248 -1.292511  0.708371  1.4098   -0.483012 -3.519025 -2.480383\n",
      " -1.585609 -0.656904 -0.3434    0.415064 -1.221997  6.41532  -0.69191\n",
      " -0.34388 ]\n",
      "[ 0.146552 -1.433055  0.306858 -1.371916  0.144745 -1.877705  0.578645\n",
      " -2.15682  -0.423873 -2.960195 -0.262884 -2.557241 -0.69191   4.603675\n",
      " -0.372626]\n",
      "[ 1.477836  0.236958 -1.336856 -2.403675 -2.671375 -0.792723  2.875218\n",
      "  0.200988  1.076772  0.117843 -0.057943 -0.382377 -0.34388  -0.372626\n",
      "  6.000926]\n"
     ]
    }
   ],
   "source": [
    "from random import randint\n",
    " \n",
    "n = int(input())\n",
    " \n",
    "A = np.array([[randint(-1000, 1000)/1000 for _ in range(n)] for _ in range(n)]).astype(float)\n",
    "A = np.dot(A, A.T)\n",
    "\n",
    "print(*A, sep='\\n')"
   ]
  },
  {
   "cell_type": "markdown",
   "id": "e9817127-c732-4e45-9845-3b3938335522",
   "metadata": {},
   "source": [
    "2. Используя метод Данилевского, решить полную проблему собственных значений.\n",
    "\n",
    "Все собственные значения матрицы"
   ]
  },
  {
   "cell_type": "code",
   "execution_count": 144,
   "id": "a2bc715b-553f-4bc8-b020-56f0611d7510",
   "metadata": {},
   "outputs": [
    {
     "name": "stdout",
     "output_type": "stream",
     "text": [
      "-0.00902188173256095\n",
      "0.150818166707784\n",
      "0.283121305258671\n",
      "0.672549975679263\n",
      "0.966506714028705\n",
      "1.03654257330102\n",
      "1.90388939082945\n",
      "3.22070874526484\n",
      "4.71800180015340\n",
      "6.28875818610246\n",
      "7.99464815673570\n",
      "8.66680070310920\n",
      "9.90412751644183\n",
      "14.8225622264351\n",
      "17.5498602348536\n"
     ]
    }
   ],
   "source": [
    "lambda_, x_ = krylova_method(A)\n",
    "\n",
    "print(*lambda_, sep='\\n')"
   ]
  },
  {
   "cell_type": "code",
   "execution_count": 145,
   "id": "a1e0d016-8b0d-4314-886c-a9801f2297db",
   "metadata": {},
   "outputs": [
    {
     "name": "stdout",
     "output_type": "stream",
     "text": [
      "λ = -0.00902188173256095 \n",
      "x = [-709.841067336034 1191.96178511530 26.9976113364100 -1013.17962130904\n",
      " 135.944644629490 1506.35337894410 531.515434421599 -3023.61404052190\n",
      " 1593.84892746806 -166.755900975026 -2478.56109377136 -632.883269174024\n",
      " 474.122719511390 -1249.74514386663 -468.979847859591] \n",
      "\n",
      "λ = 0.150818166707784 \n",
      "x = [-14392.3216447975 19009.1688425755 -1176.13028884307 -18147.1754318401\n",
      " 15949.4917674276 13897.6997001488 22265.2089370713 -9765.38441360742\n",
      " 12044.5868548404 8696.15314286863 -12282.5245737471 -2328.80002417741\n",
      " 18732.9025061131 5943.27857089799 -7371.62113368139] \n",
      "\n",
      "λ = 0.283121305258671 \n",
      "x = [7897.44214864750 -1145.02337325970 6865.09988308139 871.911462598480\n",
      " -6397.13448575752 6530.77393750846 -17511.8205519486 -11380.4957871111\n",
      " 14489.3277409902 13162.7655663488 -2261.58176250407 -636.025694881100\n",
      " -310.472608556971 9109.75634591730 4730.77385278046] \n",
      "\n",
      "λ = 0.672549975679263 \n",
      "x = [-6499.31603385007 -5426.69445584924 969.104461163748 -7964.89486938342\n",
      " -8260.79460165284 -4779.91860503284 753.750254382379 10792.1110510831\n",
      " 8457.54792639992 6611.35113270284 2474.23772023726 -13726.4431609042\n",
      " -6205.74343132786 -5714.99553302277 -10490.5450129141] \n",
      "\n",
      "λ = 0.966506714028705 \n",
      "x = [-138.585809427546 3373.55573341413 2080.00906955265 -6997.18847395713\n",
      " -3198.83283111748 -8602.17010407010 -1384.23669394385 -4765.92874446115\n",
      " 291.756958852842 1611.19231924993 -2413.17126311801 6195.05109264332\n",
      " -4762.64169358835 -4383.54058103688 -5126.71661103074] \n",
      "\n",
      "λ = 1.03654257330102 \n",
      "x = [-15982.3749670596 4733.57290528843 4547.26389632490 -16754.0672329939\n",
      " 10190.6614177916 -8402.26222574129 -12265.2767551944 -9620.32587274699\n",
      " -2045.71381687713 3639.61889176623 314.433839519013 1717.67522773286\n",
      " -18027.2399286623 -11616.6782854874 7771.46744942642] \n",
      "\n",
      "λ = 1.90388939082945 \n",
      "x = [1026258.38265427 485356.510565225 1219412.57294824 508341.613239541\n",
      " 999397.746381649 -757161.756259552 425838.071709686 106981.177479097\n",
      " 488580.259316571 85417.9709034368 152523.189580006 -677756.653249349\n",
      " 85245.7654206539 -664199.234488474 253812.642624641] \n",
      "\n",
      "λ = 3.22070874526484 \n",
      "x = [-9464238.21676692 6926451.54804534 844248.906949205 12977019.7040395\n",
      " -3696015.79136666 -5053281.86886936 6674225.02430800 -998810.306084924\n",
      " 4929113.80416892 639507.242623842 -2365550.81721213 340232.705163601\n",
      " -10188348.3899043 8595457.70737576 2197005.19201139] \n",
      "\n",
      "λ = 4.71800180015340 \n",
      "x = [3482088.19446615 -6752437.73453157 -21464295.8495400 3962744.82223875\n",
      " 13498567.1441955 -7621151.70424235 -1825791.78586841 -1742512.32204165\n",
      " 15863920.8641412 388020.937095330 1498300.03247620 4491945.71969598\n",
      " -1782540.90605543 -2289644.14577946 -3028988.03292547] \n",
      "\n",
      "λ = 6.28875818610246 \n",
      "x = [-27205459.1393226 -77734721.5136587 52203990.1695988 -20765356.6695336\n",
      " 122957.204431247 -18291743.7076313 14579561.1884379 50181169.4508089\n",
      " 52410821.5529198 -32400456.7109400 -79081515.9126177 55857101.8873363\n",
      " 20921757.9696041 2102080.25779688 53981080.8616181] \n",
      "\n",
      "λ = 7.99464815673570 \n",
      "x = [139358467.479044 2916473.65600722 -98156641.4817083 -61680227.8554328\n",
      " 110647206.991596 -105546688.315133 -68224973.9970142 70073528.1593950\n",
      " -191705037.567373 56904248.2078206 -368236094.865595 -191904338.167233\n",
      " -101408949.103018 198939608.967293 -26145315.8295680] \n",
      "\n",
      "λ = 8.66680070310920 \n",
      "x = [-18428464.8639085 97445039.0472842 -93049063.9989788 1804615.11522447\n",
      " -98759665.1956861 -92068858.9447879 -27661313.5469683 34370662.5260390\n",
      " 2387016.44016439 51618870.8756120 -29539650.7714770 -36764314.6458219\n",
      " 118608406.372004 -72267592.1861694 146541175.544641] \n",
      "\n",
      "λ = 9.90412751644183 \n",
      "x = [12314963.1183792 -335480261.378720 -26057470.5269258 148501076.246960\n",
      " -803978.994752124 59545554.6165831 323736651.469057 -158519673.623825\n",
      " -224978826.145801 591413093.832099 -70232372.0143280 93857677.2152789\n",
      " -72676987.0535171 -221515633.793834 95728185.0757636] \n",
      "\n",
      "λ = 14.8225622264351 \n",
      "x = [-8050850290210.16 1212392105094.37 3226799887646.40 9577019970275.25\n",
      " 4561543364217.40 -743601460693.115 -9817092108191.78 3340336989294.95\n",
      " -2743134137427.09 3777899398628.02 -4406579534324.17 2622387545505.22\n",
      " 7187476324397.68 -4204116660386.49 -9324393027440.79] \n",
      "\n",
      "λ = 17.5498602348536 \n",
      "x = [73291791613543.9 121982369884046. -29142980086282.7 2931953610531.22\n",
      " 1250353067486.63 145038166828888. -10000882215053.9 157845840355033.\n",
      " 33668935538936.3 42511974490009.7 -50762780331824.4 97962789700294.3\n",
      " -113369734619753. -84850918725672.0 11354725658965.9] \n",
      "\n"
     ]
    }
   ],
   "source": [
    "for k in range(len(lambda_)):\n",
    "    print('λ =', lambda_[k], '\\nx =', x_[k], '\\n')"
   ]
  },
  {
   "cell_type": "markdown",
   "id": "b207840b-144f-41fa-99e8-27f954b9917e",
   "metadata": {},
   "source": [
    "Наибольшее по модулю собственное значение"
   ]
  },
  {
   "cell_type": "code",
   "execution_count": 146,
   "id": "c6bf2ad8-728f-45d5-84f2-15d784082873",
   "metadata": {},
   "outputs": [
    {
     "name": "stdout",
     "output_type": "stream",
     "text": [
      "λ = 17.5498602348536\n"
     ]
    }
   ],
   "source": [
    "print('λ =', lambda_[np.argmax([np.absolute(l) for l in lambda_])])"
   ]
  },
  {
   "cell_type": "markdown",
   "id": "3fe2bf88-33aa-4866-b810-2673950b0078",
   "metadata": {},
   "source": [
    "Выполнить проверку путем вычисления вектора невязки $r = Ax - \\lambda x$."
   ]
  },
  {
   "cell_type": "code",
   "execution_count": 147,
   "id": "f5314a29-f247-4c41-a794-00d4854365b9",
   "metadata": {},
   "outputs": [
    {
     "name": "stdout",
     "output_type": "stream",
     "text": [
      "λ = -0.00902188173256095 \n",
      "r = [-208.576979664592 -77.2111359999654 -103.713424420508 -1289.90663371183\n",
      " -92.2653582057041 -951.007511163437 -0.0818225504212657 -1310.68582242627\n",
      " 213.378597160835 478.212213295044 -373.542631558338 244.351085815575\n",
      " 203.977815903968 -223.695775663032 562.189238461830] \n",
      "\n",
      "λ = 0.150818166707784 \n",
      "r = [-305.437035083754 -221.278867517728 -118.312583619549 -1305.40081826876\n",
      " -162.943315279057 -1152.81817601594 122.579843322666 -1553.58010854639\n",
      " 145.483519920849 490.168845772666 -318.811332352768 86.2523619696304\n",
      " 250.682725217674 -69.8138329205858 672.568344504269] \n",
      "\n",
      "λ = 0.283121305258671 \n",
      "r = [-308.055453297341 -228.292577278689 -88.4545989367812 -1320.74033181804\n",
      " -164.639831114629 -1163.84335860099 -12.6007915970577 -1420.37070048126\n",
      " 85.6016953118051 496.221531595457 -445.138070076678 64.7830938556718\n",
      " 454.119945620852 -141.359427170433 689.726610201705] \n",
      "\n",
      "λ = 0.672549975679263 \n",
      "r = [-491.415733749604 -417.282808988055 38.6081764237126 -1218.34434267109\n",
      " -92.1180159194901 -1287.84473364865 -15.7003116309276 -1638.87826491883\n",
      " 20.5767940443202 442.670959695924 -362.124749193684 9.86923230382672\n",
      " 504.270518380904 19.9639925139491 509.038492163463] \n",
      "\n",
      "λ = 0.966506714028705 \n",
      "r = [-26.8015437552255 258.615540331875 -238.999351611253 -1369.05747843412\n",
      " -250.766733118850 -774.863908540745 52.1955388874628 -1050.10704922056\n",
      " 189.823339740194 535.220283978753 -390.553103934640 257.159560771972\n",
      " 16.4147178558287 -288.360488877983 795.583951406263] \n",
      "\n",
      "λ = 1.03654257330102 \n",
      "r = [-233.613516359197 -70.3844878391983 -103.063089858268 -1298.63986953529\n",
      " -103.889213725470 -1051.60823952165 -28.0279104949968 -1346.29501845640\n",
      " 110.868683529773 438.647983998404 -377.215764660623 103.355452257017\n",
      " 264.433287635304 -83.9758574725474 592.843572005579] \n",
      "\n",
      "λ = 1.90388939082945 \n",
      "r = [-696.994383017300 -485.891010564868 61.3125232178718 -1083.30763318995\n",
      " -115.463940701913 -1579.37648795219 -123.939450581442 -1835.84235045576\n",
      " -26.1608059739228 364.465767727728 -172.096231019648 -175.954403054435\n",
      " 826.375618360500 82.5677083937917 455.891721952823] \n",
      "\n",
      "λ = 3.22070874526484 \n",
      "r = [-323.372451681644 -92.3923267535865 -18.6961123999208 -1220.03837149590\n",
      " -147.620332945138 -1105.48087877780 -16.9528896808624 -1329.57430743938\n",
      " 90.3025398757309 377.547725188779 -306.096517601050 102.855028698919\n",
      " 308.442603599280 -40.8147638589144 602.185750436969] \n",
      "\n",
      "λ = 4.71800180015340 \n",
      "r = [-126.342959629372 185.847912777215 -93.4174625575542 -1218.56842854619\n",
      " -158.119937852025 -754.548974044621 2.66005757823586 -964.811386979185\n",
      " 176.737797573209 452.840569628635 -388.866504810750 287.292345549911\n",
      " 69.2104491386563 -164.348524054512 704.822474148124] \n",
      "\n",
      "λ = 6.28875818610246 \n",
      "r = [-207.795571863651 82.6522806882858 -40.7356685996056 -1195.33025357127\n",
      " -136.303413454676 -929.185247763991 10.9639523029327 -1129.95006906986\n",
      " 107.102130055428 427.150616675615 -353.541182935238 214.970854341984\n",
      " 249.253759697080 14.3540537469089 661.901094436646] \n",
      "\n",
      "λ = 7.99464815673570 \n",
      "r = [-546.890937328339 -402.241848491132 119.971513986588 -1050.35215121508\n",
      " -91.5119712352753 -1496.34699463844 -2.99717772006989 -1415.43890130520\n",
      " -59.4420678615570 285.596372425556 -114.496488571167 -228.022547006607\n",
      " 685.013311386108 237.210710287094 522.442023158073] \n",
      "\n",
      "λ = 8.66680070310920 \n",
      "r = [-452.319619804621 -350.629960417747 80.0140979290009 -1032.20217852853\n",
      " -138.194344758987 -1262.69707727432 -43.5200096666813 -1541.48455411196\n",
      " -24.3857654333115 230.313467979431 -235.590863019228 -212.132697045803\n",
      " 765.081797480583 232.867237329483 562.380885839462] \n",
      "\n",
      "λ = 9.90412751644183 \n",
      "r = [-140.797481283545 312.438032627106 -44.8769030570984 -1131.38096642494\n",
      " -128.167135076597 -630.815459609032 50.9295454025269 -785.788379669189\n",
      " 163.884915828705 475.789057731628 -352.877117276192 252.171174883842\n",
      " 158.368192434311 -2.56523036956787 719.159052968025] \n",
      "\n",
      "λ = 14.8225622264351 \n",
      "r = [-4632.31250000000 72.9140625000000 60.2656250000000 -991.187500000000\n",
      " -156.445312500000 -1110.93164062500 -9.93750000000000 -1057.34375000000\n",
      " 6.27343750000000 279.695312500000 -289.804687500000 -38.3203125000000\n",
      " 189.015625000000 148.484375000000 643.640625000000] \n",
      "\n",
      "λ = 17.5498602348536 \n",
      "r = [-34941.5000000000 540.250000000000 12.8125000000000 -1063.91406250000\n",
      " -145.351562500000 -623.500000000000 -18.8437500000000 -649.500000000000\n",
      " 168.250000000000 429.750000000000 -366.125000000000 252.750000000000\n",
      " 59.2500000000000 -11.2500000000000 738.656250000000] \n",
      "\n"
     ]
    }
   ],
   "source": [
    "for k in range(len(lambda_)):\n",
    "    print('λ =', lambda_[k], '\\nr =', np.dot(A,x_[k]) - np.dot(lambda_[k], x_[k]), '\\n')"
   ]
  },
  {
   "cell_type": "markdown",
   "id": "aa77d1fb-ea60-460e-a4b6-384dc2fd9ad5",
   "metadata": {},
   "source": [
    "3. Используя степенной метод, найти наибольшее по модулю собственное значение и соответствующий ему собственный вектор"
   ]
  },
  {
   "cell_type": "markdown",
   "id": "368c8d17-7863-44aa-a29b-9bc93894bfde",
   "metadata": {},
   "source": [
    "Возьмем точность $\\varepsilon=10^{-6}$."
   ]
  },
  {
   "cell_type": "code",
   "execution_count": 148,
   "id": "3d026fcd-bba5-4591-905c-46201ffb5665",
   "metadata": {},
   "outputs": [
    {
     "name": "stdout",
     "output_type": "stream",
     "text": [
      "λ = 17.549857455654543 \n",
      " x = [ 0.46506651  0.77290002 -0.18492615  0.01784013  0.0075712   0.91915401\n",
      " -0.06261689  1.          0.21356946  0.26910369 -0.32133991  0.62058079\n",
      " -0.71897093 -0.53736966  0.07267404]\n"
     ]
    }
   ],
   "source": [
    "lambda_max, x_max, itr = power_method(A, epsilon=1e-6)\n",
    "\n",
    "print('λ =', lambda_max, '\\n x =', x_max)"
   ]
  },
  {
   "cell_type": "code",
   "execution_count": 149,
   "id": "f2761b17-560c-4e7d-875d-a99f3fbadbab",
   "metadata": {},
   "outputs": [
    {
     "name": "stdout",
     "output_type": "stream",
     "text": [
      "30\n"
     ]
    }
   ],
   "source": [
    "print(itr)"
   ]
  },
  {
   "cell_type": "markdown",
   "id": "62c467ec-9777-4e46-a3be-d1c6aafb2a70",
   "metadata": {},
   "source": [
    "Вычислить вектор невязки"
   ]
  },
  {
   "cell_type": "code",
   "execution_count": null,
   "id": "b2ad5e2d-bbed-4069-8b6e-20fa92785e74",
   "metadata": {},
   "outputs": [],
   "source": [
    "print(np.dot(A, x_max) - np.dot(lambda_max, x_max))"
   ]
  }
 ],
 "metadata": {
  "kernelspec": {
   "display_name": "Python 3 (ipykernel)",
   "language": "python",
   "name": "python3"
  },
  "language_info": {
   "codemirror_mode": {
    "name": "ipython",
    "version": 3
   },
   "file_extension": ".py",
   "mimetype": "text/x-python",
   "name": "python",
   "nbconvert_exporter": "python",
   "pygments_lexer": "ipython3",
   "version": "3.10.9"
  }
 },
 "nbformat": 4,
 "nbformat_minor": 5
}
